4,27
7,11
19,37
3,6
1,32
39,78
38,42
23,46
5,22
3,5
31,54
22,38
6,12
2,7
6,7
9,30
19,33
38,76
12,31
1,1
7,21
37,90
6,30
7,17
46,71
9,15
12,75
13,34
36,69
14,50
21,41
2,4
5,23
3,13
13,24
36,77
3,9
7,56
1,34
5,42
37,72
2,4
47,83
22,75
14,19
9,66
26,50
0,96
4,20
17,45
13,51
28,75
21,38
25,35
4,60
3,18
0,5
29,86
3,40
22,48
2,36
0,7
10,58
17,30
0,6
32,44
22,37
8,9
1,3
29,89
7,37
1,56
17,41
7,50
3,40
5,46
0,7
16,39
0,69
9,57
5,16
21,66
3,67
23,66
4,6
27,67
9,68
0,6
12,40
31,60
0,1
6,12
0,0
12,40
16,44
9,57
28,56
22,43
0,16
1,23
