606|[115, 351, 502, 464, 245, 139, 90, 55, 3, 267, 180, 168, 318, 253, 158, 253, 229, 531, 165, 600, 29, 47, 78, 109, 143, 538, 303, 361, 558]
307|[214, 283, 218, 160, 145, 258, 298, 3, 156, 297, 53, 304, 85, 148, 243]
776|[759, 559, 575, 86, 177, 660, 428, 537, 655, 572, 492, 542, 176, 203, 640, 765, 290, 56, 413, 662, 346, 653, 19, 306, 416, 313, 342, 422, 419, 609, 698, 554, 376, 681, 62, 307, 440, 114, 735, 706, 594, 493, 84, 387, 621, 373, 448, 447, 42, 367, 33, 628, 713, 331, 266, 263, 624, 137, 458, 688, 359]
364|[286, 315, 24, 265, 115, 27, 99, 293, 85, 8, 238, 282]
559|[147, 165, 149, 280, 319, 68, 13, 547, 285, 405, 455, 326, 334, 172, 484, 503, 172, 537, 1, 49, 145, 134, 397, 527, 235, 343, 184, 208, 232, 408, 370, 439, 394, 116, 551, 448, 284, 352, 333, 184, 146]
525|[193, 51, 110, 307, 66, 306, 407, 96, 133, 292, 436, 146, 303, 80, 129, 500, 317, 27, 157, 353, 84, 231, 417, 131, 28, 128, 524, 236, 251, 450, 7, 298, 276, 508, 246, 40, 226, 135, 338, 351, 217, 438, 264, 16, 234, 331, 175, 346, 236, 502, 15, 19, 99, 519, 191, 169, 266, 125, 38, 355, 262, 391, 85, 258, 315, 305, 471, 280, 405, 470, 360, 217, 166, 10, 521, 377, 307, 378, 174, 389, 8, 185, 254, 88, 398, 139, 285, 305]
693|[25, 207, 634, 653, 436, 217, 512, 576, 435, 439, 142, 295, 477, 259, 377, 21, 590, 112, 290, 178, 370, 660, 176, 212, 656, 107, 467, 479, 654, 165, 170, 484, 454, 62, 319, 60, 471, 50, 671, 371, 621, 378, 22, 404, 114, 425, 339, 21, 660, 320, 334, 449, 119, 313, 452, 253, 414, 463, 288, 409, 128, 525, 231, 78, 561, 108, 201, 98, 417, 430, 442, 234, 634, 176, 247, 421, 3, 41]
940|[734, 633, 397, 483, 877, 12, 125, 374, 430, 478, 17, 563, 717, 869, 257, 9, 378, 590, 43, 41, 478, 879, 623, 338, 42, 178, 154, 452, 262, 695, 734, 503, 33, 777, 702, 90, 154, 90, 554, 870, 654, 320, 246, 436, 450, 141, 602, 722, 662, 310, 124, 83, 596, 189, 494, 150, 158, 859, 197, 870, 52, 12, 866, 352, 533, 112, 769, 224, 366, 500, 801, 687, 130, 806, 804, 524, 601, 448, 918, 777]
554|[546, 87, 45, 43, 163, 315, 495, 524, 211, 99, 57, 211, 225, 355, 396, 456, 442, 298, 348, 380, 408, 546, 239, 263, 550, 120, 339, 410, 495, 70, 350, 15, 193, 152, 354, 265, 262, 237, 104, 345, 169, 469, 290]
222|[211, 21, 43, 148, 158, 74, 46, 39]
402|[364, 320, 341, 114, 8, 130, 374, 333, 220, 101, 198, 203, 103, 237, 133, 304, 331, 306, 55, 29, 383, 338, 185, 264, 245, 13, 43, 257, 316, 391, 191, 139, 227, 212, 345, 319, 34, 247, 255, 151, 229, 220, 339, 100, 329, 358, 213, 77, 164, 360, 374, 240, 358, 26, 263, 241, 323, 396, 370, 293, 244, 133, 286, 349, 65, 91, 100, 50, 114, 397, 100, 24, 90, 305, 103, 243, 401, 314, 212, 17, 51, 142, 112, 369, 35]
463|[70, 76, 99, 244, 456, 292, 310, 70, 361, 415, 191, 125, 187, 300, 297, 401, 95, 128, 140, 297, 94, 90, 231, 189, 237, 237, 40, 331, 192, 224, 310, 82, 314, 200, 312, 191, 92, 413, 232, 154, 292, 200, 326, 223, 207, 145, 84, 413, 307, 331, 189, 450]
681|[327, 366, 524, 165, 402, 262, 430, 380, 586, 540, 448, 517, 251, 661, 13, 543, 42]
674|[365, 283, 500, 531, 371, 93, 151, 174, 107]
405|[164, 380, 129, 380, 362, 69, 262, 143, 314, 135, 204, 286]
12|[5, 5, 1, 2, 5, 6, 3, 3, 3, 8, 0, 2, 5, 3, 2, 2, 5, 5, 0, 3, 2, 3, 3, 1, 0, 5, 5, 2, 2, 5, 4, 1, 0, 0, 5, 3, 3]
656|[310, 332, 131, 87, 370, 100, 619, 302, 485, 598, 242, 56, 308, 593, 248, 332, 17, 55, 125, 208, 391, 447, 45, 507, 485, 163, 350, 616, 490, 654, 217, 583, 283, 448, 516, 123, 615, 472, 438]
84|[8, 9, 60, 39, 20, 5, 14, 57, 11, 8, 7, 42, 0, 46, 17, 72, 63, 41, 29, 8, 30, 66, 1, 35, 33, 71, 17, 4, 40, 41, 7, 52, 8, 2, 10, 6, 71, 63, 61, 7, 1, 11, 52, 31, 41, 30, 56, 0, 1, 35, 69, 14, 1, 3, 16, 3, 34, 7, 31, 56, 11, 1, 39, 19, 63, 59, 47, 57, 8, 31, 41, 26, 0, 11, 71, 39, 23, 59]
770|[306, 517, 730, 625, 671, 751, 734, 25, 648, 454, 42, 580, 199, 259, 320, 159, 265, 327, 367, 364, 91, 109, 530, 249, 503, 228, 309, 726, 165, 7, 336, 571, 207, 650, 174, 42, 423, 566, 295, 419, 333, 315, 557, 352, 184, 174]
617|[560, 176]
274|[6, 236, 136, 11, 71, 212, 158, 207, 112, 192, 77, 196, 239, 34, 39, 169, 49, 173, 36, 243, 241, 67, 246, 194, 133, 173, 47]
42|[32, 16, 16, 22, 37, 37, 36, 1, 38, 0, 30, 24, 13, 21, 34, 15, 22, 31, 25, 16, 37, 2, 23, 23, 38, 38, 32, 7, 31, 15, 36, 15, 25, 39, 37, 37, 32, 9, 15, 24, 30, 38, 15, 28, 1, 7, 13, 23, 39, 32, 22, 28, 23, 7, 13, 15, 39, 0, 39, 31, 0, 39, 13, 25, 37, 13, 1, 25, 31, 39, 0, 1, 25, 32, 1, 32, 23, 7, 25, 2, 0, 7, 1, 31, 36, 25, 36, 13, 22, 23, 33, 28, 23, 30, 25, 22, 28, 16, 25]
62|[31, 54, 44, 32, 50, 38, 9, 49, 35, 37, 45, 59, 15, 7, 52, 22, 59, 21, 50, 1, 44, 52, 39, 20, 21, 1, 26, 15, 49, 54, 53, 28, 0, 4, 5, 51, 29, 6, 37, 2, 37, 20, 43]
540|[470, 90, 526, 210, 65, 71, 481, 444, 86, 377, 99, 533, 243, 112, 515, 87, 214, 96, 124]
135|[126, 120, 50, 71, 0, 127, 84, 76, 17, 22, 132, 21, 83, 88, 123, 45, 95, 18, 41, 120, 63, 104, 73, 107, 86, 71, 29, 74, 134, 110, 96, 83, 108, 76, 84, 29, 102, 131, 133, 122, 53, 126, 73, 133, 0, 32, 119, 41, 134, 79, 91, 134, 37, 70, 111, 20, 91, 63, 83, 54, 127, 130, 123, 46, 77, 7, 21, 129, 79, 130, 57, 16, 14, 60, 101, 55, 124, 110, 133, 7, 99, 48, 29, 46, 125, 69, 68, 76, 68, 129, 53, 21, 127]
50|[35, 12, 19, 45, 11, 41, 32, 44, 2, 43, 27, 10, 27, 4, 37, 7, 0, 47, 21, 12, 0, 26]
53|[9, 19, 1, 4, 15, 42, 26, 39, 20, 0, 18, 39, 48, 36, 26, 9, 22, 26, 39, 22, 8, 42, 0, 22, 16, 36, 43, 51, 6, 43, 28, 21, 30, 24, 16, 50, 1, 42, 16, 39, 4, 20, 13, 43, 42, 8, 41, 30, 18, 8, 9, 1, 18, 16, 36, 22, 9, 21, 0, 9, 36, 22, 13, 26, 51, 51, 24, 6, 4, 22, 28, 42, 19, 41, 9, 5]
377|[22, 262, 17, 187, 143, 246, 176, 258, 243, 61, 150, 346, 313, 126, 72, 108, 212, 178, 330, 293, 51, 349, 357, 274, 86, 141, 69, 348, 112, 220, 368, 0, 339, 144, 251]
55|[32, 34, 43, 9, 10, 24, 13, 22, 49, 8, 38, 27, 48, 15, 18, 52, 39, 4, 44, 22, 54, 4, 5, 27, 24, 10, 35, 48, 29, 36, 38, 34, 4, 22, 14, 8, 55, 18, 15, 24, 49, 34, 5, 10, 25, 52, 25, 22, 36, 39, 18, 48, 14, 54, 10, 53, 44, 13, 27, 29, 5, 43, 9, 15, 43, 32, 53, 10, 25, 0, 53, 13, 35, 27, 13, 22, 10, 5, 5, 43, 27, 34, 36, 10, 35, 27, 18, 10, 32, 8, 39, 9]
638|[434, 233, 300, 605, 616, 121, 202, 165, 55, 468, 1, 556, 388, 486, 229, 2, 635, 542, 296, 567, 486, 81, 489, 126, 469, 73, 218, 359, 123, 340, 383, 259, 133, 270, 175, 299, 45, 520, 376, 116, 435, 532, 121, 482, 419, 135, 49, 305, 117, 481, 409, 285, 491, 484, 42, 600, 297, 57, 384, 584, 239, 242, 134, 437, 73, 440, 227, 466, 548, 496, 77, 183, 216, 202, 20, 450, 634, 453, 284, 452, 607, 293, 223, 91, 564, 541, 13, 418, 261, 329, 253, 554, 393, 288]
946|[838, 747, 908, 638, 471, 469, 365, 257, 923, 295, 883, 380, 265, 642, 79, 854, 553, 665, 641, 469, 98, 204, 78, 656, 484, 870, 424, 70, 391, 358, 447, 890, 726, 879, 505, 874, 310, 811, 511, 465, 154, 742, 510, 364, 745, 727, 105, 160, 912, 849, 171, 641, 64, 192, 916, 91, 457, 514, 663, 854, 913, 671, 133, 36]
358|[346, 280, 339, 255, 19, 67]
140|[68, 90, 103, 38, 13, 52, 98, 26, 91, 104, 87, 95, 12, 125, 3, 77, 47, 38, 85, 76, 95, 78, 60, 88, 110, 92, 85, 84]
733|[339, 155, 446, 583, 103, 398, 298, 491, 85, 471, 447, 314, 658, 150, 123, 51, 572, 164, 146, 255]
975|[750, 747, 913, 837, 855, 639, 941, 542, 837, 605, 595, 384, 943, 125, 742, 455, 501, 247, 236, 9, 28, 887, 317, 514, 850, 246, 258, 737, 381]
106|[19, 5, 91, 82, 5, 58, 25, 91, 7, 104, 100, 89, 50, 26, 42, 34, 21, 5, 67, 55, 84, 53, 47, 104, 35, 26, 61, 100, 13, 94, 23, 92, 1, 1, 8, 18, 46, 11, 89, 84, 57, 76, 0, 32, 19, 29, 92, 91, 35, 36, 65, 4, 26, 10, 100, 42, 73, 13, 55, 36, 75, 42, 4, 34, 36, 92, 94, 104, 82, 91, 34, 16, 40, 75, 100, 3, 11, 60, 1, 47, 65]
67|[24, 64, 40, 8, 0, 24, 7, 35, 46, 59, 46, 12, 17]
832|[535, 409, 373, 253, 8, 783, 758, 796, 495, 660, 314, 369, 250, 562, 83, 86, 90, 399, 14, 321, 526, 409, 145, 801, 215, 420, 25, 714, 182, 299, 793, 407, 216, 793, 209, 628, 127, 293, 580, 154, 290, 312, 496, 354, 566, 349, 490, 768, 599, 151, 281, 502, 142, 560, 797, 133, 36, 295, 432, 822, 166, 476, 263, 288, 278, 268, 622, 80, 811, 322, 761, 202, 125, 435, 640, 145, 453, 144, 593, 47, 490, 163, 157, 598, 83, 676, 159, 668, 639, 175, 345, 143]
806|[746, 271, 584, 597, 309, 88, 77, 706, 721, 5, 423, 103, 55, 40, 668, 650, 133, 286, 662, 398, 511, 38, 257, 173, 160, 221, 180, 433, 108, 788, 61, 328, 359, 714, 535, 185, 93]
726|[499, 117, 312, 364, 533, 455, 704, 151, 467, 619, 536, 547, 634, 268, 634, 674, 667, 198, 552, 71, 363, 724, 185, 3, 577, 389, 614, 132, 62, 344, 619, 520, 685, 555, 385, 276, 296, 228, 275, 224, 353, 307, 271, 495, 696]
754|[26, 559, 74, 733, 299, 468, 515, 721, 259, 451, 567, 555, 713, 530, 557, 677, 702, 263, 700, 395, 378, 279, 708, 383, 28, 264, 518, 147, 240, 408, 389, 368, 74, 552, 361, 327, 82, 281, 225, 717, 642, 524, 421, 745, 753, 234, 81, 590, 74, 49, 507, 701, 235, 106, 594, 25, 608, 129, 392, 178, 312, 186, 526, 62, 706, 191, 63, 87, 180, 424, 556, 711, 473, 544, 248, 314, 550, 534, 624, 267, 172, 402, 229, 127, 452, 62, 139, 390, 29, 739, 343, 297, 99, 157, 189, 56, 541, 381]
999|[205, 417, 487, 706, 512, 338, 554, 516, 384]
781|[567, 506, 162, 231, 409, 451, 420, 519, 152, 560, 513, 290, 230, 614, 110, 377, 390, 140, 580, 65, 502, 581, 159, 151, 644, 407, 377, 247, 709, 768, 27, 47, 739, 379, 575, 164, 265, 580, 49, 600, 224, 574, 158, 8, 227, 30, 517, 364, 577, 473, 213, 351, 770, 89, 579, 384, 726, 453, 515, 524, 256, 590, 27, 50, 398, 424, 53, 585, 753, 447, 409, 325, 160, 151, 94, 4, 95, 16, 238, 304, 502, 521, 497, 417, 663, 538, 536, 416, 253, 537, 373, 253, 339, 654, 469, 256, 774]
712|[311, 120, 425, 75, 13, 164, 72, 411, 612, 362, 663, 596, 333, 659, 459, 612, 474, 710, 222, 655, 635, 122, 608, 493, 681, 38, 538, 183, 516, 265, 609, 0, 47, 459, 172, 315, 87, 691, 623, 614, 211, 421, 315, 232, 305, 690, 293, 91, 424, 122, 345, 235, 300, 545, 159, 434, 384, 547, 677, 384, 97, 455, 198, 641, 511, 394, 298, 550, 222, 570, 216, 315, 645, 530, 115, 104, 619, 338, 647]
881|[252, 706, 811, 125, 386, 481, 284, 272, 238, 870, 869, 130, 247, 771, 654, 806, 118, 402, 641, 227, 45, 416, 108, 80, 191, 189, 414, 572]
24|[6, 4, 0, 1, 15, 12, 2, 19, 3, 16, 11, 10, 7, 7, 6, 10, 1, 4, 6, 15, 4, 6, 15, 11, 11, 11, 4, 6, 4, 15, 6, 10, 15, 0, 0, 1, 2, 4, 4, 15, 6, 11, 4, 6, 4, 11, 2, 6, 15, 7, 15, 1, 7, 0, 4, 15, 10, 3, 6, 1, 10, 3, 19, 3, 0, 6, 8]
438|[329, 191, 47, 390, 49, 17, 86, 231, 30, 395, 353, 148, 83, 54, 4, 399, 289, 359, 402, 35, 17, 361, 45, 179, 184, 275, 27, 67, 15, 242, 319, 160, 267, 3, 41, 427, 420, 173, 256, 334, 116, 96, 350, 150, 151, 31, 122, 49, 400, 381, 411, 204, 279, 164, 431, 80, 71, 24, 378, 318, 93, 145, 30, 365, 405, 280, 214, 388, 368, 154, 22, 280, 353, 310, 387, 292, 309, 351, 26, 398, 340, 395, 30, 1, 363, 430]
43|[25, 10, 30, 27, 39, 42, 6, 9, 7, 21, 40, 27, 5, 21, 39, 9, 24, 29, 0, 21, 5, 41, 8, 39, 39, 15, 0, 17, 31, 15, 40, 31, 20, 10, 0, 9, 11, 30, 41, 20, 0, 9, 15, 20, 40, 21, 17, 39, 27, 31, 11, 11, 27, 40, 5, 31, 15, 0, 6, 24, 8, 11, 31, 9, 9, 0, 27, 17, 42, 27, 9, 7, 40, 24, 17, 5, 41, 20, 15, 31, 8, 29, 40, 0, 41, 10, 17, 40, 39, 41, 0, 30, 0, 40, 42, 5, 18, 17]
381|[188, 121, 256, 341, 287, 380, 80, 242, 128, 195, 81, 307, 211, 181, 206, 116, 93, 189, 123, 319, 94, 380, 107, 38, 182, 373, 360, 218, 106, 204, 195, 37, 320, 118, 42, 32, 222, 291, 196, 116]
77|[68, 3, 52, 4, 60, 33, 50, 26, 75, 28, 20, 4, 76, 76, 30, 31, 12, 63, 41, 68, 62, 3, 28, 55, 13, 42, 52, 41, 62, 29, 41, 11, 0, 68, 7, 34, 61, 59, 61, 37, 3, 24, 20, 67, 60, 14]
585|[38, 543, 90, 338, 261, 272, 490, 319, 486, 81, 488, 75, 263, 310, 229, 283, 230, 337, 443, 102, 58, 525, 11, 555, 117, 334, 121, 534, 78, 420, 327, 28, 314, 575, 581, 352, 307, 409, 254, 316, 186, 21, 71, 346, 188, 222, 440, 423, 347, 134, 352, 275, 388, 447, 535, 109, 45, 339, 459, 172, 423, 215, 405, 83, 274, 325, 236, 337, 441, 551, 505]
112|[17, 28, 71, 86, 109, 105, 42, 108, 54, 102, 1, 6, 31, 21, 87, 93, 61, 16, 98, 101, 68, 78, 31, 109, 21, 90, 24, 102, 74, 99, 99, 27, 107, 73, 97, 12, 98, 61, 46, 80, 93, 105, 75, 65, 80, 16, 94, 90, 68, 61, 53, 98, 49, 35, 108, 20, 78, 83, 50, 49, 27, 108, 61, 75, 75, 23, 21, 49, 98, 27, 49, 97, 68, 9, 108, 38, 68, 102, 40, 56, 46, 101, 105]
569|[425, 141, 380, 272, 150, 230, 19, 504, 219, 22, 272, 60, 103, 413, 170, 545, 559, 145, 493, 219, 98, 323, 344, 139, 337, 284, 145, 111, 374, 114, 64, 376, 136, 449, 490, 373, 355, 106, 246, 560, 118, 502, 124, 205]
312|[152, 310, 95, 228, 69, 232, 111, 70, 305, 6, 213, 239, 42, 181, 267, 4, 22, 70, 68, 18, 19, 33, 137, 264, 81, 197, 215, 138, 287, 181, 18, 90, 76, 193, 265, 115, 188, 151, 254, 195, 127, 155, 128, 291, 34, 64, 212, 177, 24, 250, 8, 272, 85, 176, 121, 173, 203, 46, 152, 283, 90]
733|[290, 560, 609, 524, 311, 350, 425, 631, 356, 656, 530, 278, 324, 428, 584, 87, 563, 627, 484, 129, 33, 112, 518, 398, 665, 537, 709, 697, 230, 32, 55, 660, 193, 90, 277, 712, 184, 458, 109, 176, 144, 29, 47, 645, 562, 435, 542, 668, 91, 483, 495, 69, 505, 49, 206, 0, 452, 689, 711, 70, 422, 448, 495, 544, 677, 550, 634, 50, 344, 569, 680, 274, 658, 619, 133, 510, 133, 297, 581, 4, 179, 626, 294, 482, 465, 572, 50, 15, 430, 374, 375, 126, 394, 329, 259, 680, 631]
468|[183, 108, 22, 361, 12, 194, 301, 364, 402, 10, 295, 95, 375, 36, 117, 12, 397, 356, 107, 330, 134, 16, 327, 459, 42, 203, 227]
329|[302, 32, 221, 288, 246, 27]
518|[209, 387, 288, 129, 439, 219, 18, 82, 514, 250, 246, 155, 413, 141, 302, 315, 456, 458, 246, 133, 205, 255, 130, 491, 52, 294, 393, 40, 231, 148, 177, 175, 501, 396, 506, 366, 253, 76, 419, 169, 275, 231, 82, 137, 161, 186, 352, 86, 129, 344, 253, 395, 253, 75, 362, 451, 481, 133, 408, 515, 240, 239, 315, 423, 445, 86, 1, 249, 316, 25, 293, 464, 207, 217, 193, 487, 192, 228, 83, 397, 397, 165, 455, 191, 418, 284, 370, 273, 113, 89, 386, 113, 36, 361, 383]
448|[320, 282, 104, 409, 186, 389, 279, 338, 296, 105, 40, 177, 124, 43, 198, 374, 196, 174, 114, 410, 71, 308, 367, 306, 187, 429, 224, 175, 395, 291, 269, 248, 277, 307, 76, 84, 213, 50, 254, 260, 39, 245]
236|[45, 124, 234, 84, 182, 45, 132, 60, 28, 78, 148, 61, 219, 207, 189, 123, 209, 223, 161, 132, 119, 77, 67, 94, 66, 192, 59, 209, 41, 156, 226, 107, 146, 70, 119, 92, 52, 5, 62, 106, 97, 140, 212, 21, 133, 173, 187, 150, 169, 146, 120, 160, 178, 43, 120, 16, 165, 151, 55, 230, 37, 148, 121, 98, 185, 192, 35, 32, 118]
787|[44, 603, 760, 735, 574, 478, 199, 580, 676, 163, 680, 468, 26, 774, 756, 315, 460, 221, 702, 382, 492, 142, 511, 540, 222, 755, 222, 574, 576, 126, 481, 201, 274, 515, 695, 482, 27, 392, 396, 530, 744, 448, 684, 705, 460, 757, 710, 368, 73, 29, 252, 392]
426|[19, 262, 180, 321, 299, 57, 395, 407, 205]
923|[724, 651, 425, 838, 45, 782, 853, 633, 159, 670, 308, 88, 773, 12, 801, 532, 441, 4, 98, 575, 118, 178, 694, 810, 744, 194, 286, 742, 114, 575, 727, 294, 603, 195, 310, 801, 888, 889, 916, 801, 572, 24, 661, 17, 225, 5, 107, 541, 753, 449, 681, 512, 831, 519, 775, 874, 203, 139, 615, 142, 665, 87, 797, 77, 772, 200, 340, 484, 773, 834, 657, 156, 539, 45, 265, 499, 6, 228, 358, 782, 598, 377, 114, 756, 762, 366, 395, 447, 712, 86, 623, 366, 670, 832, 908, 139, 597, 904]
817|[127, 475, 91, 95, 631, 685, 773, 399, 103, 450, 728, 139, 605, 341, 553, 737, 265, 648, 588, 654, 377, 473, 202, 191, 355, 575, 320, 654, 801, 433, 169, 100, 157, 596, 582, 482, 355, 18, 194, 360, 515, 595, 201, 543, 780, 613, 708, 296]
592|[220, 131, 19, 457, 91, 560, 372]
832|[329, 119, 162, 533, 582, 825, 149, 431, 358, 690, 594, 629, 423, 461, 215, 40, 730, 673, 590, 146, 76, 208, 644, 465, 406, 324, 571, 506, 470, 588, 40, 135, 262, 672, 274, 104, 13, 408, 146, 752, 65, 201, 312, 411, 570, 552, 210, 121, 170, 518, 353, 707, 40, 284, 100, 544, 485, 234, 10, 400, 77, 433, 2, 311, 499, 586, 236, 480, 677, 507, 264, 526, 211, 6, 650, 430, 322, 764, 139, 146, 223, 194, 300, 603, 230, 605, 612, 71, 13]
157|[11, 84, 109, 143, 2, 100, 2, 108, 98, 97, 8, 66, 17, 93, 18, 81, 34, 130, 8, 53, 13, 0, 15, 75, 43, 5, 92, 110, 122, 21, 92, 84, 31, 101, 24, 119, 5, 142, 70, 154, 137, 42, 31, 119, 102, 18, 151, 23, 53, 129, 129, 88, 109, 107, 117, 132, 141, 72]
80|[71, 12, 14, 16, 4, 43, 1, 36, 6, 74, 22, 78, 24, 62, 42, 45]
992|[408, 109, 912, 883, 37, 609, 711]
697|[581, 686, 147, 192, 304, 198, 660, 576, 426, 333, 493, 119, 280, 111, 604, 144, 159, 539, 634, 218, 302, 468, 601, 605, 421, 437, 589, 219, 139, 135, 168, 219, 614, 270, 452, 449, 582, 593, 574, 497, 122, 262, 172, 512, 414, 603, 625, 450, 284, 65, 314, 691, 609, 184, 643, 182, 294, 275, 18, 514, 91, 187, 511, 320, 690, 136, 396, 498, 576, 567, 314, 1, 294, 429, 285, 134, 408, 659, 303, 214, 12, 631, 661, 543, 521, 475, 250, 257, 147, 562, 371, 267]
690|[587, 60, 342, 435, 618, 543, 667, 138, 46, 392, 684, 134, 636, 306, 559, 161, 70, 534, 412, 232, 436, 622, 365, 592, 179, 228, 100, 125, 591, 670, 433, 389, 270, 414, 516, 125, 15, 552, 7, 591, 657, 91, 347, 609, 358, 602, 415, 204, 463, 327, 285, 273, 230, 504, 523, 162, 272, 145, 493, 592, 360, 111, 622, 295, 408, 580, 407, 121, 684, 75, 435, 499, 564, 392]
815|[423, 304, 411, 776, 38, 14, 203, 606, 399, 621, 588, 156, 645, 204, 354, 505, 478, 780, 7, 610, 321, 459, 722, 326, 233, 122, 450, 391, 803, 686, 674, 83, 615, 540, 565, 331, 111, 368, 67, 735, 1, 385, 663, 161, 710, 176, 235, 541, 501, 471, 503, 204, 625, 608, 248, 232, 511, 495, 493, 541, 794, 101, 688, 636, 456, 79, 775, 448, 450, 471, 610, 394, 810, 228, 336, 593]
247|[156, 216, 220, 49, 138, 73, 210, 140, 133, 7, 154, 103, 189, 2, 42, 126, 242, 52, 142, 113, 158, 38, 141, 215, 92, 119, 181, 172, 238, 86, 10, 162, 90, 217, 94, 244, 67, 119, 192, 230, 51, 195, 29, 238, 98, 246, 56, 231, 40, 82, 148, 137, 14, 74, 159, 97, 182, 183, 41, 184, 25, 70, 204, 235, 84, 4, 74, 231, 129, 137, 79, 234, 103, 141, 38, 188]
651|[216, 556, 599, 481, 599, 611, 630, 526, 271, 402, 392, 182, 113, 371, 62, 494, 464, 179, 433, 107, 291, 59, 137, 392, 528, 522, 173, 128, 426, 107, 521, 624, 402, 231, 440, 247, 528, 42, 288, 366, 466, 530, 152, 587, 77, 5, 248, 470, 366, 14, 125]
931|[73, 264, 507, 599, 457, 390, 560, 122, 25, 171, 908, 358, 699, 304, 687, 622, 560, 729, 71, 197, 655, 81, 255, 722, 122, 166, 204, 74, 496, 436, 415, 536, 116, 714, 656, 929, 78, 378, 410, 57, 332, 752, 688, 24, 600, 569, 550, 845, 141, 554, 297, 885, 814, 354, 560]
120|[53, 32, 70, 16, 117, 82, 25, 29, 13, 80, 86, 48, 41, 56, 10, 54, 62, 69, 117, 78, 32, 112, 44, 70, 115, 89, 21, 15, 54, 17, 7, 111, 22, 108, 49, 55, 32, 10, 69, 41, 41, 28, 37, 97, 2, 11, 38, 2, 29, 117, 106, 114, 0, 53, 87, 24, 46, 81, 77, 102, 7, 27, 60, 0]
701|[514, 302, 493, 328, 195, 696, 140, 187]
344|[107, 74, 310, 235, 334, 106, 194, 208, 95, 160, 5, 26, 210, 313, 92, 3, 207, 332, 60, 144, 57, 274, 47, 131, 26, 58, 263, 289, 75, 283, 14, 168, 317, 259, 193, 310, 174, 7, 256, 137, 97, 265, 209, 165, 107, 266, 220, 215, 215, 262, 314]
270|[26, 228, 193, 50, 67, 71, 219, 132, 14, 191, 102, 155, 182, 113, 164, 152, 3, 20, 227, 33, 38, 50, 34, 181, 10, 229, 133, 11, 69, 188, 114, 64, 103, 211, 254, 45, 227, 245, 243, 124, 117, 189, 228, 154, 126, 132, 174, 6, 189, 266, 164, 165, 15, 40, 227, 217, 163, 249, 134, 57, 192, 121, 164, 113, 129, 195, 245, 135, 129, 244, 205, 28, 8, 212, 207, 147, 0, 133, 45, 152, 145, 163, 258, 189, 179, 175, 57]
115|[114, 97, 0, 93, 70, 0, 16, 31, 101, 88, 49, 113, 87, 91, 54, 80, 49, 4, 70, 80, 70, 33, 44, 34, 54, 97, 15, 89, 80, 79, 105, 29, 93, 39, 50, 80, 79, 29, 8, 72, 6, 103, 39, 6, 75, 38, 108, 110, 50, 102, 73, 90, 48, 90, 54, 63, 30, 27, 16, 91, 0, 103, 83, 54, 54, 49, 62, 17, 37, 15, 17, 21, 102, 0, 6, 15, 54, 19, 74, 101, 4, 104, 103, 106]
557|[351, 556, 218, 228, 299, 515, 402, 403, 119, 73, 318, 285, 16, 501, 353, 235, 42, 365, 377, 267, 117]
834|[523, 2, 704, 248, 777, 307, 727, 46, 636, 490, 376, 697, 270, 477, 522, 647, 222, 506, 194, 188, 580, 643, 352, 501, 77, 505, 30, 206, 571, 46, 561, 387, 240, 383, 294, 477, 156, 768, 659, 185, 489, 552, 192, 773, 699, 235, 100, 812, 648, 767, 624, 651, 695, 140, 201, 808, 382, 807, 591, 146, 365, 395, 278, 568, 59, 805, 191, 393, 780, 259, 821, 756]
114|[109, 106, 27, 102, 11, 26, 34, 76, 65, 69, 47, 75, 78, 42, 18, 44, 27, 74, 86, 31, 65, 10, 31, 113, 71, 94, 15, 7, 56, 84, 37, 63, 84, 56, 25, 48, 84, 15, 106, 15, 24, 32, 52, 85, 10, 34, 10, 10, 37, 81, 78, 78, 18, 75, 42, 4, 92, 52, 14, 14, 113, 92, 55, 63, 109, 10, 35, 12, 4, 27, 105, 57, 60, 35]
933|[410, 815, 487, 388, 376, 533, 623, 726, 798, 886, 374, 439, 339, 600, 867, 228, 804, 138, 641, 67, 524, 427, 351, 108, 86, 577, 573, 417, 683, 71, 856, 39, 473, 706, 893, 350, 270, 771, 263, 204, 829, 51, 890, 132, 27, 208, 336, 176, 272, 312, 312, 649, 180, 260, 817, 547, 627, 159, 186, 179, 893, 897, 124, 576, 338, 99, 825, 301, 459, 317, 228, 576, 275, 905, 193, 924, 548, 32, 763, 84, 483, 390, 903, 669, 923, 879, 931, 870]
943|[578, 263, 25, 625, 535, 933, 408, 118, 489]
96|[63, 40, 65, 74, 94, 10, 63, 6, 72, 8, 89, 49, 14, 26, 62, 16, 17, 40, 15, 78, 38, 73, 1, 36, 26, 61, 0, 28, 55, 74, 3, 57, 61, 45, 26, 66, 54, 89, 10, 11, 77, 76, 75, 40, 44, 14, 27, 53, 4, 77, 78, 74, 5, 64, 0, 5, 74, 46, 38, 49, 94, 45, 61, 71, 16, 29, 78, 68, 73, 27, 57, 73, 89, 13, 36, 55, 46, 87, 73, 62, 3, 0, 13, 40, 29, 36, 48, 64, 40, 57, 1, 38, 29, 59, 94, 13, 73]
495|[82, 46, 36, 273, 50, 208, 299, 38, 469, 270, 332, 264, 73, 390, 389, 338, 365, 430, 233, 63, 44, 490, 23, 131, 211, 359, 245, 55, 410, 320, 410, 315, 398, 71, 123, 342, 309, 156, 1, 0, 42, 227, 429, 100, 47, 430, 16, 25, 8, 202, 249, 22, 334, 389, 69, 182, 53, 370, 216, 24, 21, 417, 383, 359, 334, 402, 142, 169, 225, 185, 265, 165, 39, 16, 491, 162, 264, 179, 399, 280, 361, 358, 129, 29]
705|[423, 698, 266, 30, 430, 96, 282, 645]
701|[17, 664, 675, 15, 639, 577, 163, 130, 427, 345, 377, 125, 592, 560, 163, 330, 645, 603, 78, 244, 164, 529, 17, 358, 558, 149, 594, 287, 189, 210, 287, 159, 2, 463, 55, 54, 159, 366, 125, 307, 109, 640]
878|[751, 766, 640, 201, 293, 501, 353, 407, 756, 242, 707, 789, 676, 250, 767, 413, 344, 27, 589, 663, 609, 557, 660, 407, 807, 306, 853, 299, 231, 63, 351, 354, 254, 485, 866, 296, 476, 328, 449, 461, 197, 247, 271, 556, 805, 690, 850, 235, 541, 374, 27, 419, 593, 836, 296, 773, 646, 191, 623, 226, 524, 549, 94, 492, 545, 143, 536, 671, 72, 466, 292, 152, 509, 161, 795, 67, 203, 556, 293, 659, 360, 583, 474, 11]
474|[104, 370, 5]
132|[113, 14, 26, 68, 21, 91, 32, 75, 44, 117, 78, 59, 100, 74, 122, 131, 74, 121, 83, 16, 123, 2, 13, 0, 115]
704|[684]
332|[17, 209, 320, 106, 124, 14, 231, 264, 164, 262, 325, 164, 152, 84, 243, 54, 108, 64, 45, 136, 220, 151, 131, 256, 171, 265, 222, 209, 9, 234, 265, 218, 255, 39, 95, 236, 175, 43, 306, 53, 180, 244, 200, 144, 183]
593|[395, 312, 197, 40, 301, 489, 236, 432, 460, 284, 97, 283, 207, 474, 527, 426, 419, 149, 499, 462, 384, 4, 320, 405, 48, 156, 467, 376, 332, 241, 529, 501, 590, 215, 484, 283, 339, 526, 579, 156, 583, 526, 421, 434, 174, 22, 224, 49, 291, 196, 525]
27|[22, 19, 6, 10, 14, 22, 22, 14, 14, 11, 19, 6, 4, 6, 9, 14, 4, 4, 20, 20, 25, 15, 0, 14, 6, 15, 9, 0, 9, 25, 6, 6, 9, 10, 15, 4, 20, 4, 14, 15, 1, 15, 25, 19, 6, 19, 22, 15, 9, 6, 15, 15, 19, 0, 19, 1, 20, 16, 4, 14, 4, 9, 1, 22, 3, 1, 9, 15, 0, 0, 4, 22, 9, 15, 19, 25, 0, 3, 10, 25, 25, 4, 1, 10, 1, 20, 9, 9, 14, 22, 1, 22, 4]
846|[509, 674, 719, 257, 118, 506, 723, 25, 841, 374, 764, 507, 829, 332, 360, 352, 661, 594, 544, 550, 766, 254, 463, 149, 84, 796, 751, 378, 445, 764, 444, 19, 630, 187, 586, 170, 98, 331, 131, 644, 572, 37, 726, 409, 556, 176, 362, 55, 694, 145, 400, 168, 818, 264, 672, 675, 401, 117, 49, 88, 101, 267, 650]
130|[74, 58, 80, 15, 104, 29, 59, 77, 9, 64, 21, 55, 11, 91, 112, 86, 41, 120, 87, 83, 74, 12, 60, 38, 64, 58, 100, 129, 63, 76, 45, 5, 6, 103, 11, 38, 122, 80, 5, 25, 34, 81, 102, 70, 15, 46, 114, 98, 37, 46, 59, 113, 19, 62, 3, 116, 80, 20, 106, 22, 2, 94, 107, 59, 6, 20, 19, 99, 15, 59, 112, 98, 2, 12, 12, 6, 6, 78, 100, 9, 69, 79, 120]
766|[717, 354, 457, 11, 627, 458, 187, 284, 154, 729, 657, 227, 343, 251, 168, 650, 49, 654, 26, 171, 454, 287]
232|[210, 171, 206, 95, 174, 47, 156, 40, 57, 186, 44, 151, 12, 0, 145, 49, 173, 42, 219, 64, 20, 90, 1, 61, 12, 65, 62, 205, 193, 172, 221, 193, 29, 158, 50, 132, 131, 36, 151, 71, 228, 228]
